1.12 4.48
1.2 7.95
1.22 9.34
1.29 6.64
1.29 5.75
1.3 7.61
1.48 3.92
1.52 6.92
1.61 4.83
1.61 9.73
1.71 5.96
1.88 8.38
1.98 1.78
2.1 9.39
2.24 1.53
2.26 2.59
2.29 6.36
2.39 3.81
2.43 8.35
2.47 5.47
2.67 6.39
2.77 7.59
2.82 4.48
2.97 4.59
2.99 6.07
3.07 2.62
3.13 9.61
3.23 6.6
3.28 2.09
3.3 9
3.35 6.44
3.38 5.5
3.45 6.91
3.48 3.09
3.5 5.76
3.58 3.11
3.67 8.22
3.88 1.4
3.95 3.73
4.05 6.03
4.07 6.6
4.09 3.52
4.16 5.61
4.18 5.43
4.2 9.86
4.22 4.86
4.33 6.77
4.34 3.52
4.74 7.26
4.84 2.28
4.88 3.25
4.91 1.53
4.95 8.52
5.03 2.79
5.05 4.61
5.21 3.36
5.24 4.54
5.25 2.06
5.41 8.26
5.83 4.5
5.88 3.9
5.92 2.81
6.14 2.61
6.19 7.91
6.22 4.66
6.24 4.75
6.34 7.54
6.38 2.9
6.39 3.39
6.56 1.28
6.75 7.87
6.92 2.06
6.93 7.83
6.94 5.6
7.03 3.55
7.07 3.76
7.41 6.44
7.56 9.02
7.71 8.57
7.76 8.49
8.23 1.78
8.26 9.18
8.4 6.42
8.53 1.32
8.53 2.1
8.55 7.33
8.57 4.83
8.64 4.7
8.86 2.44
9.24 6.38
9.25 2.35
9.3 7.79
9.35 6.78
9.47 1.2
9.53 3.86
9.61 7.16
9.62 6.61
9.71 3.45
9.93 4.01
9.99 1.31
6.22 4.66
6.24 4.75
