1.14 9
1.15 4.19
1.22 5.12
1.55 7.22
1.66 1.32
1.71 7.1
1.77 3.62
1.92 3.91
1.99 5.25
2.08 6.99
2.11 8.43
2.12 3.69
2.19 2.3
2.22 1.08
2.25 7.16
2.43 6.38
2.47 6.39
2.52 7.24
2.67 9.37
2.68 8.68
2.94 7.33
3.02 6.95
3.59 1.08
3.68 2.6
3.7 7.88
3.74 2.36
3.74 1.13
3.88 7.21
3.9 8.57
4.15 1.53
4.19 1.71
4.27 7.7
4.29 5.32
4.29 2.98
4.39 3.23
4.49 2.64
4.6 9.47
4.62 9.63
4.74 4.21
4.78 4.4
4.81 2.43
4.89 6.83
4.93 1.4
4.99 9.89
5.02 2.68
5.06 9.12
5.08 1.11
5.09 5.62
5.14 6.35
5.22 4.87
5.22 1.34
5.36 9.16
5.39 8.04
5.4 1.6
5.71 2.27
5.81 8.21
5.92 2.63
6.1 9.49
6.13 9.52
6.19 1.81
6.22 8.68
6.25 7.32
6.41 3.96
6.55 6.66
6.63 2.68
6.66 4
6.76 7.04
6.77 3.88
6.89 4.41
6.9 7.44
7.09 7.72
7.24 3.24
7.26 9.03
7.4 5.91
7.41 5.77
7.47 3.18
7.51 5.05
7.64 1.47
7.8 6.62
7.91 5.3
7.98 6.19
8.3 1.13
8.51 9.24
8.59 1.84
8.72 2.53
8.88 2.59
8.89 7.89
8.92 6.19
8.99 6.83
9.2 1
9.25 8.78
9.3 9.24
9.38 6.28
9.4 7.26
9.4 1.38
9.6 4.43
9.65 5.72
9.82 2.88
9.82 2.09
9.96 5.19
2.43 6.38
2.47 6.39
